17 0.468039 0.755574 0.405799 0.487573
0 0.378622 0.379331 0.272884 0.436639
17 0.0656221 0.616983 0.131244 0.173647
0 0.823902 0.536654 0.14378 0.150209
33 0.201177 0.133601 0.181539 0.129412
0 0.661821 0.525836 0.131961 0.20473
17 0.758283 0.775685 0.212448 0.145446
17 0.821842 0.595082 0.109108 0.192097
0 0.0628455 0.617881 0.125691 0.174051
0 0.964857 0.545864 0.064922 0.137128
17 0.267298 0.661505 0.108374 0.159157
16 0.975465 0.772451 0.0464281 0.108762
0 0.65102 0.473286 0.0958806 0.105048
0 0.963661 0.509554 0.062583 0.0667088
17 0.857454 0.596646 0.173692 0.188832
0 0.0397211 0.618181 0.0794422 0.173839
